1.511856615543365479e-01 6.153428554534912109e-01 2.890989184379577637e-01 9.019110202789306641e-01
1.515782922506332397e-01 6.369622349739074707e-01 2.914983034133911133e-01 9.129445552825927734e-01
1.673157066106796265e-01 6.111273169517517090e-01 3.002985715866088867e-01 9.048678278923034668e-01
1.645127385854721069e-01 6.411798000335693359e-01 3.034389615058898926e-01 9.078508019447326660e-01
1.953448951244354248e-01 1.388918012380599976e-01 7.106329202651977539e-01 7.521506547927856445e-01
1.766764223575592041e-01 2.121135890483856201e-01 7.258042693138122559e-01 7.428085803985595703e-01
2.178265899419784546e-01 1.523171067237854004e-01 7.500317096710205078e-01 7.421321272850036621e-01
2.025802284479141235e-01 2.075580656528472900e-01 7.541937232017517090e-01 7.400828599929809570e-01
2.678036093711853027e-01 1.437307745218276978e-01 9.143273234367370605e-01 4.166271388530731201e-01
3.867540955543518066e-01 1.593933850526809692e-01 9.441379904747009277e-01 4.168986082077026367e-01
3.703043162822723389e-01 1.772131919860839844e-01 9.397996068000793457e-01 4.504815340042114258e-01
4.266189336776733398e-01 1.524845957756042480e-01 9.704619646072387695e-01 4.128557443618774414e-01
1.419988423585891724e-01 1.470747888088226318e-01 7.585548758506774902e-01 7.488733530044555664e-01
1.517858803272247314e-01 1.534263938665390015e-01 7.402682900428771973e-01 7.910283207893371582e-01
1.842089444398880005e-01 1.317918896675109863e-01 8.087166547775268555e-01 7.512792348861694336e-01
1.741631627082824707e-01 1.594470441341400146e-01 8.007158041000366211e-01 7.781489491462707520e-01
